{
  "LONG_SCHEDULE": {
               "boundaries": [400000, 600000, 800000, 1000000],
               "learning_rates": [0.0001, 0.00005, 0.000025, 0.0000125, 0.00000625],
               "epoch": 1000000,
               "batch_size": 64,
               "batch_norm": false,
               "beta1": 0.9,
               "beta2": 0.999,
               "epsilon": 1e-08,
               "l2": 0.0004
             }
}
